$ANSIBLE_VAULT;1.1;AES256
32313235323636393234383763646637333234653032343032333432363331313464653030653838
3962616231383238633931366165373735353031333361310a303536653939356262636366623265
33656630353761383364666638383638353765393831356134663266326666353166626239383666
3532306631646638610a623138346264313831346236303033656333636461633435336136343565
61306665333561376166363131363961663864616234623435323463393461616336336334386135
66366636316266663465656565636266633463633338356337623636346164363537376665393066
63636439393261376135663834393762353634343033333361613333636231396636653039343665
35313230363635303266343935636361373763353933626230616562663962393936376236613034
66336634376430376663363365653336353365383135313536363963396437373161353661323564
38316165653232666237376335383132353062656332313164373631326632626464373336306563
36613036653934663635343936323535336331373863323038643864313662646161343231376131
32646637383738626538633937313133326261313164626238653330373732353834346163333365
30623030323639333264343164663932623938386362343739666233663566666533326135343066
66653865643438653566396662396561313462636335393065646665383864363563666634343738
31383062613165373764313937393863613531353036643261353363356263636264313630336338
62326532346662646661343864653836313638313539666437346261323266363933653235386234
64623334383266633630616533636462643162653036376231623361336633646564616333643232
30643864376463353766373762373530336234653533306633353661386363616338346438396532
35373764376430666265353731353336323230616633643738663662376165343436373937376266
30616337613837313737653862663739306337623964373034376666633966383865343631313362
63613463356664616563633762396462323964383162356164316437653539313764346363646231
61663865623965333266636232633561616637363836653338653964326430353032333836373635
63393438623064643536343236373162666536316562303264346237376438663333646566356138
36663734626131383331363664373664356639656362383061373330666236373564376231323134
31393437323962366462313466353661373765396639326262613932333935303565646135623063
36373835353139613032326434396335303331316364383365633539383838663436373331303138
32373832623535333133316363343231666633353539363231633865343333373836396330626436
35623433613730633231616231353433333539336435353864306637366439383564623637633333
32303331356665386234313930613339663439303530303963306538326230616332373737623663
65326361616566623632376532353338616561356133366635323762313632373135323532643332
31343561396134623761323265383062663837623266373331343430323536356133626163653066
35366464376165363765613763353064303635616638353835653534326664343339616335363764
36383964363230336237653734303137626437326434616166316535363935363038323039323363
37333438623861666537313262663264333965613238653262363333663463313665306339373066
61303861653363313139363363646566353732306334653336393432663035316538393038383764
34326630623138633439643635386265633561316638306237616666356565313765633362633262
33343836353461616666343261363439333533646533373032616561323565323338306138616438
36376161633632313561363632626330313461643861363965376532313937666663386337373062
34643136633833653739326437323766316336623534363862303762313833376461363561316134
37633064623866353066666538346532303935303339616564366565333039313030366363333234
35626532326331663662343636323463646433366461653966343638373030363963613437336639
36333831326562316531346435326438376664383131336231623061326562376239323131636162
38306533633132373366366262666161303565616463373265393137306435656633646532363162
39343930626563386439613930353665326163386632393838646632653064306135333239396562
35376632303030356666666364653939333832376566353132653866313630313939393132373335
32363363613166393264326565346266623938656461336661313833636532373939363432333562
63333436663762353130643837393433323436626433356639633438353130616566663535323735
31613837613036653135663130383738373930336162333132653337633466653831626366303864
64373532643136313833356463633561323966343630633632613938393434663834373335336238
38666463366365353466323734333130306332316436633232323134653236663062633030306235
36663233383431666632353262326464383163653865396431393534626538623366346634383265
64623563623337313535
