$ANSIBLE_VAULT;1.1;AES256
31613764313130613965626339326533373332383338306139363162633266323131313066323839
6339336332383361666331326331326536366162633639350a303463386137306231306231623134
31363835353236343535636233643962313231333534636330643136383738623335623162663132
6163323930333865310a323663306363396163356163616366613330396336306632373665663032
66313236386461303833353265616235303764383739383064353163373830383534663463633837
35333839616364366436363236666363653865626363633534633737616363666435393933663762
36383934363161303662373136626637623761303438396334353533366366373038316334326331
63383733633366636462316166363565623063626563636138353133363238663436663331396333
34653863653434323837626263336538303862663566356232373234646362333830373462323164
61393336643632616338313961373265306630663635353766306639663737323832303538323363
61643233663766346135636331643437346165636161323034653730363831333465613730396365
36643261623466373839393030396438666433316561323033306435363261646336303830346639
38306331313931666163626433613331396239383433633836323332636437336333653333303536
38623934386364366131366263626362666139616561653339306337313666653565633732323663
62316365393637326362376238373963316432663031653666353533616337633338386236366564
39643633653536656238333337633061343665303762653661316338336664386438386565383066
35306538383763336231383133666335656130633439343366356435343231616366653437396133
65643437383138653933663465353536626531663566326363313238666536346564376531383364
66663233323961306130616364356663386661303639613765613263373264383832326437613862
66663361333862613262303931366433313030643332373665326238313739326538616238616230
38383330383730653836633862333039343264623430616433303761356337616236663937396233
37643131326564393063333435393037353430666433653132646233313738386565363732356361
62373037306464313636663966373935323332633035353765656565653634343935343933663832
31646237663931333932656463386361343463333763633330346631303431393864326366353564
37646137363139613063386437653535656336333132363733636439346138373931613237646362
61613965373961393962373633303134663564313161313561376362626661336237373036386439
39396261643463663761643837346138633233333935656263323663313031326130643438353666
36353764356463633035353039626530626666636133343739646338333238393065633632656438
31343139333637613664383361303532313431306664613736653865643238323539313138643661
6463316635646435346135323335653766383637353763336464
