$ANSIBLE_VAULT;1.1;AES256
63373832373562346236623334383466666464396666383237386462386636343261643261633235
3730386330306539646434626630656165396361353564310a643834323464353931366332363230
61623234376366336264376635343765343931626435623366626565636337383366666339366330
6232623366326332390a633130653731396264633363343939636263626235356265656262356631
31336332373432346638636532353934343236613365323437343163336334316430393366643239
65613161663236396431633232316465383461333338303366626464333135613736643563613438
63343332633766326463666134646437653865323739636538666236663332623564393232663163
33353931383733643435366463323730376636303438373136356230363938333463613062326239
33636532343465626130333830383961626630646362613536663262333733323439626463333534
33366132366234366633313835323739626565306134306464626265366566363562363234383935
34653062626539643734326166393630633635386539383061313330376537323634633631383162
66353562666331663233346430336465326530623565616631363531306538316666373036313563
65336636323831366334313566633631323135383264326365373531326234333066343336636163
37633763663038343561336364303963653130313539373632653939366434626336313336663635
303736393633353931343230636230343065
