$ANSIBLE_VAULT;1.1;AES256
65633134643062623534326165323831643461653666656337386238623939636363363866383565
6634323336666233323333653630613336616664353761650a616665643862343865663362343262
61383366363465313435303039656439333433306165613863363435386165333832383164623264
3030336565653361610a313662656339343061653733663738666638323062646432313032353262
65353839356530633964623964383237666164623431626335393034363437363565303435366562
30306362376332373131313466333338643766366630373261306365353964376139646539303763
61366130353631363330386335303462643165666438343931633331343265663838373835623630
38633632623035663761316439663130663162636136346164633231396235616539373433643139
31643934623961313866663232356462623934623933623132613838363665356535613665663063
63633962383463343261363062303064613534363837373562613335303232663064343239613061
33396139326531653761643039343432333939633164333232663463383532633564396431363432
32323936623463376139353165396665646234353636303564346536656237363164393934353638
30396232633630366265643735303438376536333836313539323866353134346165656164376436
3062633631336236666366633235376538646665383566326233
